{
 "cells": [
  {
   "cell_type": "code",
   "execution_count": 6,
   "id": "c4da8a20-37a5-4573-9e30-28ac83023cd0",
   "metadata": {},
   "outputs": [],
   "source": [
    "import pandas as pd\n",
    "import matplotlib.pyplot as plt\n",
    "from statsmodels.tsa.arima.model import ARIMA\n",
    "from sklearn.model_selection import train_test_split"
   ]
  },
  {
   "cell_type": "code",
   "execution_count": 7,
   "id": "bfa67440-ff58-41e2-afca-04dc8952f676",
   "metadata": {},
   "outputs": [],
   "source": [
    "file_path =\"C://Users//om//Desktop//AAPL.csv\"\n",
    "apple_stock_data = pd.read_csv(file_path)"
   ]
  },
  {
   "cell_type": "code",
   "execution_count": 8,
   "id": "4b5e1fd2-67b7-4fe5-a315-a1ea6d0113cd",
   "metadata": {},
   "outputs": [
    {
     "data": {
      "text/html": [
       "<div>\n",
       "<style scoped>\n",
       "    .dataframe tbody tr th:only-of-type {\n",
       "        vertical-align: middle;\n",
       "    }\n",
       "\n",
       "    .dataframe tbody tr th {\n",
       "        vertical-align: top;\n",
       "    }\n",
       "\n",
       "    .dataframe thead th {\n",
       "        text-align: right;\n",
       "    }\n",
       "</style>\n",
       "<table border=\"1\" class=\"dataframe\">\n",
       "  <thead>\n",
       "    <tr style=\"text-align: right;\">\n",
       "      <th></th>\n",
       "      <th>Date</th>\n",
       "      <th>Open</th>\n",
       "      <th>High</th>\n",
       "      <th>Low</th>\n",
       "      <th>Close</th>\n",
       "      <th>Adj Close</th>\n",
       "      <th>Volume</th>\n",
       "    </tr>\n",
       "  </thead>\n",
       "  <tbody>\n",
       "    <tr>\n",
       "      <th>0</th>\n",
       "      <td>03-01-2012</td>\n",
       "      <td>58.485714</td>\n",
       "      <td>58.928570</td>\n",
       "      <td>58.428570</td>\n",
       "      <td>58.747143</td>\n",
       "      <td>50.765709</td>\n",
       "      <td>75555200</td>\n",
       "    </tr>\n",
       "    <tr>\n",
       "      <th>1</th>\n",
       "      <td>04-01-2012</td>\n",
       "      <td>58.571430</td>\n",
       "      <td>59.240002</td>\n",
       "      <td>58.468571</td>\n",
       "      <td>59.062859</td>\n",
       "      <td>51.038536</td>\n",
       "      <td>65005500</td>\n",
       "    </tr>\n",
       "    <tr>\n",
       "      <th>2</th>\n",
       "      <td>05-01-2012</td>\n",
       "      <td>59.278572</td>\n",
       "      <td>59.792858</td>\n",
       "      <td>58.952858</td>\n",
       "      <td>59.718571</td>\n",
       "      <td>51.605175</td>\n",
       "      <td>67817400</td>\n",
       "    </tr>\n",
       "    <tr>\n",
       "      <th>3</th>\n",
       "      <td>06-01-2012</td>\n",
       "      <td>59.967144</td>\n",
       "      <td>60.392857</td>\n",
       "      <td>59.888573</td>\n",
       "      <td>60.342857</td>\n",
       "      <td>52.144630</td>\n",
       "      <td>79573200</td>\n",
       "    </tr>\n",
       "    <tr>\n",
       "      <th>4</th>\n",
       "      <td>09-01-2012</td>\n",
       "      <td>60.785713</td>\n",
       "      <td>61.107143</td>\n",
       "      <td>60.192856</td>\n",
       "      <td>60.247143</td>\n",
       "      <td>52.061932</td>\n",
       "      <td>98506100</td>\n",
       "    </tr>\n",
       "    <tr>\n",
       "      <th>...</th>\n",
       "      <td>...</td>\n",
       "      <td>...</td>\n",
       "      <td>...</td>\n",
       "      <td>...</td>\n",
       "      <td>...</td>\n",
       "      <td>...</td>\n",
       "      <td>...</td>\n",
       "    </tr>\n",
       "    <tr>\n",
       "      <th>2006</th>\n",
       "      <td>23-12-2019</td>\n",
       "      <td>280.529999</td>\n",
       "      <td>284.250000</td>\n",
       "      <td>280.369995</td>\n",
       "      <td>284.000000</td>\n",
       "      <td>282.054138</td>\n",
       "      <td>24643000</td>\n",
       "    </tr>\n",
       "    <tr>\n",
       "      <th>2007</th>\n",
       "      <td>24-12-2019</td>\n",
       "      <td>284.690002</td>\n",
       "      <td>284.890015</td>\n",
       "      <td>282.920013</td>\n",
       "      <td>284.269989</td>\n",
       "      <td>282.322266</td>\n",
       "      <td>12119700</td>\n",
       "    </tr>\n",
       "    <tr>\n",
       "      <th>2008</th>\n",
       "      <td>26-12-2019</td>\n",
       "      <td>284.820007</td>\n",
       "      <td>289.980011</td>\n",
       "      <td>284.700012</td>\n",
       "      <td>289.910004</td>\n",
       "      <td>287.923645</td>\n",
       "      <td>23280300</td>\n",
       "    </tr>\n",
       "    <tr>\n",
       "      <th>2009</th>\n",
       "      <td>27-12-2019</td>\n",
       "      <td>291.119995</td>\n",
       "      <td>293.970001</td>\n",
       "      <td>288.119995</td>\n",
       "      <td>289.799988</td>\n",
       "      <td>287.814392</td>\n",
       "      <td>36566500</td>\n",
       "    </tr>\n",
       "    <tr>\n",
       "      <th>2010</th>\n",
       "      <td>30-12-2019</td>\n",
       "      <td>289.459991</td>\n",
       "      <td>292.690002</td>\n",
       "      <td>285.220001</td>\n",
       "      <td>291.519989</td>\n",
       "      <td>289.522614</td>\n",
       "      <td>36028600</td>\n",
       "    </tr>\n",
       "  </tbody>\n",
       "</table>\n",
       "<p>2011 rows × 7 columns</p>\n",
       "</div>"
      ],
      "text/plain": [
       "            Date        Open        High         Low       Close   Adj Close  \\\n",
       "0     03-01-2012   58.485714   58.928570   58.428570   58.747143   50.765709   \n",
       "1     04-01-2012   58.571430   59.240002   58.468571   59.062859   51.038536   \n",
       "2     05-01-2012   59.278572   59.792858   58.952858   59.718571   51.605175   \n",
       "3     06-01-2012   59.967144   60.392857   59.888573   60.342857   52.144630   \n",
       "4     09-01-2012   60.785713   61.107143   60.192856   60.247143   52.061932   \n",
       "...          ...         ...         ...         ...         ...         ...   \n",
       "2006  23-12-2019  280.529999  284.250000  280.369995  284.000000  282.054138   \n",
       "2007  24-12-2019  284.690002  284.890015  282.920013  284.269989  282.322266   \n",
       "2008  26-12-2019  284.820007  289.980011  284.700012  289.910004  287.923645   \n",
       "2009  27-12-2019  291.119995  293.970001  288.119995  289.799988  287.814392   \n",
       "2010  30-12-2019  289.459991  292.690002  285.220001  291.519989  289.522614   \n",
       "\n",
       "        Volume  \n",
       "0     75555200  \n",
       "1     65005500  \n",
       "2     67817400  \n",
       "3     79573200  \n",
       "4     98506100  \n",
       "...        ...  \n",
       "2006  24643000  \n",
       "2007  12119700  \n",
       "2008  23280300  \n",
       "2009  36566500  \n",
       "2010  36028600  \n",
       "\n",
       "[2011 rows x 7 columns]"
      ]
     },
     "execution_count": 8,
     "metadata": {},
     "output_type": "execute_result"
    }
   ],
   "source": [
    "apple_stock_data"
   ]
  },
  {
   "cell_type": "code",
   "execution_count": 10,
   "id": "bfc45b3d-fa2e-4a74-9a90-4f7881b90909",
   "metadata": {},
   "outputs": [
    {
     "data": {
      "text/html": [
       "<div>\n",
       "<style scoped>\n",
       "    .dataframe tbody tr th:only-of-type {\n",
       "        vertical-align: middle;\n",
       "    }\n",
       "\n",
       "    .dataframe tbody tr th {\n",
       "        vertical-align: top;\n",
       "    }\n",
       "\n",
       "    .dataframe thead th {\n",
       "        text-align: right;\n",
       "    }\n",
       "</style>\n",
       "<table border=\"1\" class=\"dataframe\">\n",
       "  <thead>\n",
       "    <tr style=\"text-align: right;\">\n",
       "      <th></th>\n",
       "      <th>Date</th>\n",
       "      <th>Open</th>\n",
       "      <th>High</th>\n",
       "      <th>Low</th>\n",
       "      <th>Close</th>\n",
       "      <th>Adj Close</th>\n",
       "      <th>Volume</th>\n",
       "    </tr>\n",
       "  </thead>\n",
       "  <tbody>\n",
       "    <tr>\n",
       "      <th>0</th>\n",
       "      <td>2012-01-03</td>\n",
       "      <td>58.485714</td>\n",
       "      <td>58.928570</td>\n",
       "      <td>58.428570</td>\n",
       "      <td>58.747143</td>\n",
       "      <td>50.765709</td>\n",
       "      <td>75555200</td>\n",
       "    </tr>\n",
       "    <tr>\n",
       "      <th>1</th>\n",
       "      <td>2012-01-04</td>\n",
       "      <td>58.571430</td>\n",
       "      <td>59.240002</td>\n",
       "      <td>58.468571</td>\n",
       "      <td>59.062859</td>\n",
       "      <td>51.038536</td>\n",
       "      <td>65005500</td>\n",
       "    </tr>\n",
       "    <tr>\n",
       "      <th>2</th>\n",
       "      <td>2012-01-05</td>\n",
       "      <td>59.278572</td>\n",
       "      <td>59.792858</td>\n",
       "      <td>58.952858</td>\n",
       "      <td>59.718571</td>\n",
       "      <td>51.605175</td>\n",
       "      <td>67817400</td>\n",
       "    </tr>\n",
       "    <tr>\n",
       "      <th>3</th>\n",
       "      <td>2012-01-06</td>\n",
       "      <td>59.967144</td>\n",
       "      <td>60.392857</td>\n",
       "      <td>59.888573</td>\n",
       "      <td>60.342857</td>\n",
       "      <td>52.144630</td>\n",
       "      <td>79573200</td>\n",
       "    </tr>\n",
       "    <tr>\n",
       "      <th>4</th>\n",
       "      <td>2012-01-09</td>\n",
       "      <td>60.785713</td>\n",
       "      <td>61.107143</td>\n",
       "      <td>60.192856</td>\n",
       "      <td>60.247143</td>\n",
       "      <td>52.061932</td>\n",
       "      <td>98506100</td>\n",
       "    </tr>\n",
       "    <tr>\n",
       "      <th>...</th>\n",
       "      <td>...</td>\n",
       "      <td>...</td>\n",
       "      <td>...</td>\n",
       "      <td>...</td>\n",
       "      <td>...</td>\n",
       "      <td>...</td>\n",
       "      <td>...</td>\n",
       "    </tr>\n",
       "    <tr>\n",
       "      <th>2006</th>\n",
       "      <td>2019-12-23</td>\n",
       "      <td>280.529999</td>\n",
       "      <td>284.250000</td>\n",
       "      <td>280.369995</td>\n",
       "      <td>284.000000</td>\n",
       "      <td>282.054138</td>\n",
       "      <td>24643000</td>\n",
       "    </tr>\n",
       "    <tr>\n",
       "      <th>2007</th>\n",
       "      <td>2019-12-24</td>\n",
       "      <td>284.690002</td>\n",
       "      <td>284.890015</td>\n",
       "      <td>282.920013</td>\n",
       "      <td>284.269989</td>\n",
       "      <td>282.322266</td>\n",
       "      <td>12119700</td>\n",
       "    </tr>\n",
       "    <tr>\n",
       "      <th>2008</th>\n",
       "      <td>2019-12-26</td>\n",
       "      <td>284.820007</td>\n",
       "      <td>289.980011</td>\n",
       "      <td>284.700012</td>\n",
       "      <td>289.910004</td>\n",
       "      <td>287.923645</td>\n",
       "      <td>23280300</td>\n",
       "    </tr>\n",
       "    <tr>\n",
       "      <th>2009</th>\n",
       "      <td>2019-12-27</td>\n",
       "      <td>291.119995</td>\n",
       "      <td>293.970001</td>\n",
       "      <td>288.119995</td>\n",
       "      <td>289.799988</td>\n",
       "      <td>287.814392</td>\n",
       "      <td>36566500</td>\n",
       "    </tr>\n",
       "    <tr>\n",
       "      <th>2010</th>\n",
       "      <td>2019-12-30</td>\n",
       "      <td>289.459991</td>\n",
       "      <td>292.690002</td>\n",
       "      <td>285.220001</td>\n",
       "      <td>291.519989</td>\n",
       "      <td>289.522614</td>\n",
       "      <td>36028600</td>\n",
       "    </tr>\n",
       "  </tbody>\n",
       "</table>\n",
       "<p>2011 rows × 7 columns</p>\n",
       "</div>"
      ],
      "text/plain": [
       "           Date        Open        High         Low       Close   Adj Close  \\\n",
       "0    2012-01-03   58.485714   58.928570   58.428570   58.747143   50.765709   \n",
       "1    2012-01-04   58.571430   59.240002   58.468571   59.062859   51.038536   \n",
       "2    2012-01-05   59.278572   59.792858   58.952858   59.718571   51.605175   \n",
       "3    2012-01-06   59.967144   60.392857   59.888573   60.342857   52.144630   \n",
       "4    2012-01-09   60.785713   61.107143   60.192856   60.247143   52.061932   \n",
       "...         ...         ...         ...         ...         ...         ...   \n",
       "2006 2019-12-23  280.529999  284.250000  280.369995  284.000000  282.054138   \n",
       "2007 2019-12-24  284.690002  284.890015  282.920013  284.269989  282.322266   \n",
       "2008 2019-12-26  284.820007  289.980011  284.700012  289.910004  287.923645   \n",
       "2009 2019-12-27  291.119995  293.970001  288.119995  289.799988  287.814392   \n",
       "2010 2019-12-30  289.459991  292.690002  285.220001  291.519989  289.522614   \n",
       "\n",
       "        Volume  \n",
       "0     75555200  \n",
       "1     65005500  \n",
       "2     67817400  \n",
       "3     79573200  \n",
       "4     98506100  \n",
       "...        ...  \n",
       "2006  24643000  \n",
       "2007  12119700  \n",
       "2008  23280300  \n",
       "2009  36566500  \n",
       "2010  36028600  \n",
       "\n",
       "[2011 rows x 7 columns]"
      ]
     },
     "execution_count": 10,
     "metadata": {},
     "output_type": "execute_result"
    }
   ],
   "source": [
    "# Convert the Date column to datetime format\n",
    "apple_stock_data['Date'] = pd.to_datetime(apple_stock_data['Date'], format='%d-%m-%Y')\n",
    "apple_stock_data"
   ]
  },
  {
   "cell_type": "code",
   "execution_count": 12,
   "id": "fbdc4517-3a50-4288-bd35-cc61e139e9ff",
   "metadata": {},
   "outputs": [
    {
     "data": {
      "text/html": [
       "<div>\n",
       "<style scoped>\n",
       "    .dataframe tbody tr th:only-of-type {\n",
       "        vertical-align: middle;\n",
       "    }\n",
       "\n",
       "    .dataframe tbody tr th {\n",
       "        vertical-align: top;\n",
       "    }\n",
       "\n",
       "    .dataframe thead th {\n",
       "        text-align: right;\n",
       "    }\n",
       "</style>\n",
       "<table border=\"1\" class=\"dataframe\">\n",
       "  <thead>\n",
       "    <tr style=\"text-align: right;\">\n",
       "      <th></th>\n",
       "      <th>Date</th>\n",
       "      <th>Open</th>\n",
       "      <th>High</th>\n",
       "      <th>Low</th>\n",
       "      <th>Close</th>\n",
       "      <th>Adj Close</th>\n",
       "      <th>Volume</th>\n",
       "    </tr>\n",
       "  </thead>\n",
       "  <tbody>\n",
       "    <tr>\n",
       "      <th>0</th>\n",
       "      <td>2012-01-03</td>\n",
       "      <td>58.485714</td>\n",
       "      <td>58.928570</td>\n",
       "      <td>58.428570</td>\n",
       "      <td>58.747143</td>\n",
       "      <td>50.765709</td>\n",
       "      <td>75555200</td>\n",
       "    </tr>\n",
       "    <tr>\n",
       "      <th>1</th>\n",
       "      <td>2012-01-04</td>\n",
       "      <td>58.571430</td>\n",
       "      <td>59.240002</td>\n",
       "      <td>58.468571</td>\n",
       "      <td>59.062859</td>\n",
       "      <td>51.038536</td>\n",
       "      <td>65005500</td>\n",
       "    </tr>\n",
       "    <tr>\n",
       "      <th>2</th>\n",
       "      <td>2012-01-05</td>\n",
       "      <td>59.278572</td>\n",
       "      <td>59.792858</td>\n",
       "      <td>58.952858</td>\n",
       "      <td>59.718571</td>\n",
       "      <td>51.605175</td>\n",
       "      <td>67817400</td>\n",
       "    </tr>\n",
       "    <tr>\n",
       "      <th>3</th>\n",
       "      <td>2012-01-06</td>\n",
       "      <td>59.967144</td>\n",
       "      <td>60.392857</td>\n",
       "      <td>59.888573</td>\n",
       "      <td>60.342857</td>\n",
       "      <td>52.144630</td>\n",
       "      <td>79573200</td>\n",
       "    </tr>\n",
       "    <tr>\n",
       "      <th>4</th>\n",
       "      <td>2012-01-09</td>\n",
       "      <td>60.785713</td>\n",
       "      <td>61.107143</td>\n",
       "      <td>60.192856</td>\n",
       "      <td>60.247143</td>\n",
       "      <td>52.061932</td>\n",
       "      <td>98506100</td>\n",
       "    </tr>\n",
       "    <tr>\n",
       "      <th>...</th>\n",
       "      <td>...</td>\n",
       "      <td>...</td>\n",
       "      <td>...</td>\n",
       "      <td>...</td>\n",
       "      <td>...</td>\n",
       "      <td>...</td>\n",
       "      <td>...</td>\n",
       "    </tr>\n",
       "    <tr>\n",
       "      <th>2006</th>\n",
       "      <td>2019-12-23</td>\n",
       "      <td>280.529999</td>\n",
       "      <td>284.250000</td>\n",
       "      <td>280.369995</td>\n",
       "      <td>284.000000</td>\n",
       "      <td>282.054138</td>\n",
       "      <td>24643000</td>\n",
       "    </tr>\n",
       "    <tr>\n",
       "      <th>2007</th>\n",
       "      <td>2019-12-24</td>\n",
       "      <td>284.690002</td>\n",
       "      <td>284.890015</td>\n",
       "      <td>282.920013</td>\n",
       "      <td>284.269989</td>\n",
       "      <td>282.322266</td>\n",
       "      <td>12119700</td>\n",
       "    </tr>\n",
       "    <tr>\n",
       "      <th>2008</th>\n",
       "      <td>2019-12-26</td>\n",
       "      <td>284.820007</td>\n",
       "      <td>289.980011</td>\n",
       "      <td>284.700012</td>\n",
       "      <td>289.910004</td>\n",
       "      <td>287.923645</td>\n",
       "      <td>23280300</td>\n",
       "    </tr>\n",
       "    <tr>\n",
       "      <th>2009</th>\n",
       "      <td>2019-12-27</td>\n",
       "      <td>291.119995</td>\n",
       "      <td>293.970001</td>\n",
       "      <td>288.119995</td>\n",
       "      <td>289.799988</td>\n",
       "      <td>287.814392</td>\n",
       "      <td>36566500</td>\n",
       "    </tr>\n",
       "    <tr>\n",
       "      <th>2010</th>\n",
       "      <td>2019-12-30</td>\n",
       "      <td>289.459991</td>\n",
       "      <td>292.690002</td>\n",
       "      <td>285.220001</td>\n",
       "      <td>291.519989</td>\n",
       "      <td>289.522614</td>\n",
       "      <td>36028600</td>\n",
       "    </tr>\n",
       "  </tbody>\n",
       "</table>\n",
       "<p>2011 rows × 7 columns</p>\n",
       "</div>"
      ],
      "text/plain": [
       "           Date        Open        High         Low       Close   Adj Close  \\\n",
       "0    2012-01-03   58.485714   58.928570   58.428570   58.747143   50.765709   \n",
       "1    2012-01-04   58.571430   59.240002   58.468571   59.062859   51.038536   \n",
       "2    2012-01-05   59.278572   59.792858   58.952858   59.718571   51.605175   \n",
       "3    2012-01-06   59.967144   60.392857   59.888573   60.342857   52.144630   \n",
       "4    2012-01-09   60.785713   61.107143   60.192856   60.247143   52.061932   \n",
       "...         ...         ...         ...         ...         ...         ...   \n",
       "2006 2019-12-23  280.529999  284.250000  280.369995  284.000000  282.054138   \n",
       "2007 2019-12-24  284.690002  284.890015  282.920013  284.269989  282.322266   \n",
       "2008 2019-12-26  284.820007  289.980011  284.700012  289.910004  287.923645   \n",
       "2009 2019-12-27  291.119995  293.970001  288.119995  289.799988  287.814392   \n",
       "2010 2019-12-30  289.459991  292.690002  285.220001  291.519989  289.522614   \n",
       "\n",
       "        Volume  \n",
       "0     75555200  \n",
       "1     65005500  \n",
       "2     67817400  \n",
       "3     79573200  \n",
       "4     98506100  \n",
       "...        ...  \n",
       "2006  24643000  \n",
       "2007  12119700  \n",
       "2008  23280300  \n",
       "2009  36566500  \n",
       "2010  36028600  \n",
       "\n",
       "[2011 rows x 7 columns]"
      ]
     },
     "execution_count": 12,
     "metadata": {},
     "output_type": "execute_result"
    }
   ],
   "source": [
    "# Sort the data by Date\n",
    "apple_stock_data.sort_values(by='Date', inplace=True)\n",
    "apple_stock_data"
   ]
  },
  {
   "cell_type": "code",
   "execution_count": 13,
   "id": "4cce9453-0f27-4ebe-a342-5b1ca5f94977",
   "metadata": {},
   "outputs": [
    {
     "name": "stdout",
     "output_type": "stream",
     "text": [
      "Missing values:\n",
      " Date         0\n",
      "Open         0\n",
      "High         0\n",
      "Low          0\n",
      "Close        0\n",
      "Adj Close    0\n",
      "Volume       0\n",
      "dtype: int64\n",
      "        Date       Open       High        Low      Close  Adj Close    Volume\n",
      "0 2012-01-03  58.485714  58.928570  58.428570  58.747143  50.765709  75555200\n",
      "1 2012-01-04  58.571430  59.240002  58.468571  59.062859  51.038536  65005500\n",
      "2 2012-01-05  59.278572  59.792858  58.952858  59.718571  51.605175  67817400\n",
      "3 2012-01-06  59.967144  60.392857  59.888573  60.342857  52.144630  79573200\n",
      "4 2012-01-09  60.785713  61.107143  60.192856  60.247143  52.061932  98506100\n"
     ]
    }
   ],
   "source": [
    "# Check for missing values\n",
    "missing_values = apple_stock_data.isnull().sum()\n",
    "print(\"Missing values:\\n\", missing_values)\n",
    "\n",
    "# Display the first few rows to verify the data\n",
    "print(apple_stock_data.head())"
   ]
  },
  {
   "cell_type": "code",
   "execution_count": 14,
   "id": "47c8c681-f0d1-472c-a3ab-8fc163b2f243",
   "metadata": {},
   "outputs": [
    {
     "data": {
